
25 
4 
9 
2 3 4 25 28 89 90 98 99 
9 
1 3 4 25 26 27 28 76 90 
9 
1 2 4 27 28 49 81 90 91 
9 
1 2 3 28 89 90 91 92 99 
10 
6 7 8 22 23 41 52 57 84 93 
13 
5 7 8 41 42 51 52 57 58 83 84 93 94 
16 
5 6 8 30 41 42 43 44 57 58 59 60 93 94 95 96 
14 
5 6 7 10 23 29 30 41 44 57 60 86 93 96 
7 
10 11 12 24 33 34 85 
11 
8 9 11 12 23 24 29 34 37 85 86 
13 
9 10 12 29 32 34 35 37 40 85 86 87 88 
9 
9 10 11 33 34 35 36 85 88 
8 
14 15 16 17 20 53 54 65 
11 
13 15 16 17 18 19 20 54 65 66 72 
13 
13 14 16 19 20 54 55 65 66 67 68 73 74 
11 
13 14 15 20 53 54 55 56 65 68 73 
9 
13 14 18 19 20 54 65 66 72 
7 
14 17 19 20 66 71 72 
8 
14 15 17 18 20 66 67 74 
15 
13 14 15 16 17 18 19 54 55 65 66 67 68 73 74 
3 
22 23 24 
10 
5 21 23 24 41 52 57 81 84 93 
15 
5 8 10 21 22 24 29 30 41 44 57 60 84 93 96 
6 
9 10 21 22 23 29 
9 
1 2 26 27 28 89 90 98 99 
6 
2 25 27 28 76 90 
9 
2 3 25 26 28 49 81 90 91 
12 
1 2 3 4 25 26 27 89 90 91 92 99 
13 
8 10 11 23 24 30 31 32 34 37 60 85 86 
13 
7 8 23 29 31 32 37 38 44 59 60 86 96 
9 
29 30 32 37 38 39 40 86 87 
12 
11 29 30 31 34 35 37 40 85 86 87 88 
7 
9 12 34 35 36 85 88 
14 
9 10 11 12 29 32 33 35 36 37 85 86 87 88 
10 
11 12 32 33 34 36 37 40 87 88 
5 
12 33 34 35 88 
15 
10 11 29 30 31 32 34 35 38 39 40 85 86 87 88 
8 
30 31 37 39 40 86 87 96 
5 
31 37 38 40 87 
9 
11 31 32 35 37 38 39 87 88 
16 
5 6 7 8 22 23 42 43 44 51 52 57 58 83 84 93 
10 
6 7 41 43 44 51 58 83 93 94 
10 
7 41 42 44 58 59 93 94 95 96 
14 
7 8 23 30 41 42 43 57 58 59 60 86 93 96 
7 
46 47 48 62 63 77 78 
5 
45 47 48 69 78 
7 
45 46 48 69 72 78 79 
8 
45 46 47 63 77 78 79 80 
6 
3 27 50 51 52 81 
5 
49 51 52 81 82 
14 
6 41 42 49 50 52 57 58 81 82 83 84 93 94 
11 
5 6 22 41 49 50 51 57 81 84 93 
5 
13 16 54 55 56 
10 
13 14 15 16 17 20 53 55 56 65 
9 
15 16 20 53 54 56 65 68 73 
4 
16 53 54 55 
16 
5 6 7 8 22 23 41 44 51 52 58 59 60 83 84 93 
13 
6 7 41 42 43 44 51 57 59 60 83 93 94 
11 
7 30 43 44 57 58 60 93 94 95 96 
12 
7 8 23 29 30 44 57 58 59 86 93 96 
3 
62 63 64 
4 
45 61 63 64 
7 
45 48 61 62 64 77 78 
4 
61 62 63 77 
11 
13 14 15 16 17 20 54 55 66 67 68 
9 
14 15 17 18 19 20 65 67 68 
8 
15 19 20 65 66 68 73 74 
8 
15 16 20 55 65 66 67 73 
5 
46 47 70 71 72 
3 
69 71 72 
4 
18 69 70 72 
7 
14 17 18 47 69 70 71 
9 
15 16 20 55 67 68 74 75 76 
7 
15 19 20 67 73 75 76 
3 
73 74 76 
6 
2 26 73 74 75 90 
7 
45 48 63 64 78 79 80 
8 
45 46 47 48 63 77 79 80 
5 
47 48 77 78 80 
4 
48 77 78 79 
10 
3 22 27 49 50 51 52 82 83 84 
5 
50 51 81 83 84 
11 
6 41 42 51 57 58 81 82 84 93 94 
12 
5 6 22 23 41 51 52 57 81 82 83 93 
12 
9 10 11 12 29 32 33 34 37 86 87 88 
16 
8 10 11 29 30 31 32 34 37 38 44 60 85 87 88 96 
12 
11 31 32 34 35 37 38 39 40 85 86 88 
12 
11 12 32 33 34 35 36 37 40 85 86 87 
11 
1 4 25 28 90 91 92 97 98 99 100 
14 
1 2 3 4 25 26 27 28 76 89 91 92 98 99 
8 
3 4 27 28 89 90 92 99 
7 
4 28 89 90 91 99 100 
21 
5 6 7 8 22 23 41 42 43 44 51 52 57 58 59 60 83 84 94 95 96 
11 
6 7 42 43 51 58 59 83 93 95 96 
6 
7 43 59 93 94 96 
13 
7 8 23 30 38 43 44 59 60 86 93 94 95 
4 
89 98 99 100 
7 
1 25 89 90 97 99 100 
11 
1 4 25 28 89 90 91 92 97 98 100 
5 
89 92 97 98 99 