
25 
4 
5 
2 3 4 66 69 
5 
1 3 4 69 70 
10 
1 2 4 69 70 71 72 81 82 98 
12 
1 2 3 46 54 66 67 69 72 81 97 98 
11 
6 7 8 40 49 50 51 52 63 64 87 
13 
5 7 8 39 40 41 50 51 57 60 63 77 80 
10 
5 6 8 41 44 51 60 80 89 90 
6 
5 6 7 51 52 89 
4 
10 11 12 65 
5 
9 11 12 65 66 
10 
9 10 12 45 46 53 65 66 67 68 
6 
9 10 11 45 65 68 
10 
14 15 16 17 25 26 27 28 73 74 
8 
13 15 16 17 18 26 27 74 
11 
13 14 16 17 18 19 20 22 27 74 75 
14 
13 14 15 17 20 21 22 27 28 30 73 74 75 76 
12 
13 14 15 16 18 19 20 25 26 27 28 74 
7 
14 15 17 19 20 26 27 
5 
15 17 18 20 27 
11 
15 16 17 18 19 22 27 28 30 74 75 
14 
16 22 23 24 28 29 30 31 32 33 73 74 75 76 
14 
15 16 20 21 23 24 27 28 30 31 33 34 74 75 
9 
21 22 24 31 33 34 35 36 75 
9 
21 22 23 31 32 33 36 75 76 
7 
13 17 26 27 28 73 74 
8 
13 14 17 18 25 27 28 74 
14 
13 14 15 16 17 18 19 20 22 25 26 28 74 75 
14 
13 16 17 20 21 22 25 26 27 30 73 74 75 76 
6 
21 30 31 32 73 76 
13 
16 20 21 22 28 29 31 32 33 73 74 75 76 
11 
21 22 23 24 29 30 32 33 36 75 76 
6 
21 24 29 30 31 76 
11 
21 22 23 24 30 31 34 35 36 75 76 
6 
22 23 33 35 36 75 
4 
23 33 34 36 
6 
23 24 31 33 34 35 
10 
38 39 40 48 49 50 56 61 62 86 
14 
37 39 40 47 48 50 55 56 57 62 77 84 93 100 
14 
6 37 38 40 50 51 57 60 62 63 77 80 93 96 
15 
5 6 37 38 39 49 50 51 52 61 62 63 64 86 87 
12 
6 7 42 43 44 51 59 60 79 80 90 96 
7 
41 43 44 59 79 95 96 
3 
41 42 44 
6 
7 41 42 43 90 91 
8 
11 12 46 47 48 53 65 68 
15 
4 11 45 47 48 53 54 65 66 67 68 69 72 81 97 
16 
38 45 46 48 53 54 55 56 62 67 68 72 81 84 97 100 
10 
37 38 45 46 47 53 56 61 62 68 
14 
5 37 40 50 51 52 61 62 63 64 85 86 87 88 
16 
5 6 37 38 39 40 49 51 52 57 62 63 77 80 86 87 
17 
5 6 7 8 39 40 41 49 50 52 57 60 63 80 87 89 90 
11 
5 8 40 49 50 51 63 64 87 88 89 
12 
11 45 46 47 48 54 55 56 67 68 97 100 
15 
4 46 47 53 55 56 67 69 72 81 84 97 98 99 100 
11 
38 47 53 54 56 72 77 78 84 99 100 
11 
37 38 47 48 53 54 55 62 77 86 100 
12 
6 38 39 50 51 58 59 60 77 80 93 96 
11 
57 59 60 77 78 79 80 93 94 95 96 
10 
41 42 57 58 60 79 80 90 95 96 
12 
6 7 39 41 51 57 58 59 80 89 90 96 
9 
37 40 48 49 62 63 64 85 86 
13 
37 38 39 40 47 48 49 50 56 61 63 64 86 
13 
5 6 39 40 49 50 51 52 61 62 64 86 87 
11 
5 40 49 52 61 62 63 85 86 87 88 
9 
9 10 11 12 45 46 66 67 68 
10 
1 4 10 11 46 65 67 68 69 97 
14 
4 11 46 47 53 54 65 66 68 69 72 81 97 100 
10 
11 12 45 46 47 48 53 65 66 67 
14 
1 2 3 4 46 54 66 67 70 71 72 81 97 98 
8 
2 3 69 71 72 81 82 98 
10 
3 69 70 72 81 82 83 84 98 99 
16 
3 4 46 47 54 55 67 69 70 71 81 84 97 98 99 100 
10 
13 16 21 25 28 29 30 74 75 76 
16 
13 14 15 16 17 20 21 22 25 26 27 28 30 73 75 76 
16 
15 16 20 21 22 23 24 27 28 30 31 33 34 73 74 76 
12 
16 21 24 28 29 30 31 32 33 73 74 75 
12 
6 38 39 50 55 56 57 58 78 79 80 93 
7 
55 58 77 79 80 93 94 
11 
41 42 58 59 77 78 80 93 94 95 96 
15 
6 7 39 41 50 51 57 58 59 60 77 78 79 93 96 
17 
3 4 46 47 54 67 69 70 71 72 82 83 84 97 98 99 100 
8 
3 70 71 81 83 84 98 99 
5 
71 81 82 84 99 
11 
38 47 54 55 71 72 81 82 83 99 100 
6 
49 61 64 86 87 88 
12 
37 40 49 50 56 61 62 63 64 85 87 88 
11 
5 40 49 50 51 52 63 64 85 86 88 
6 
49 52 64 85 86 87 
8 
7 8 51 52 60 90 91 92 
10 
7 41 44 51 59 60 89 91 92 96 
4 
44 89 90 92 
3 
89 90 91 
11 
38 39 57 58 77 78 79 80 94 95 96 
6 
58 78 79 93 95 96 
7 
42 58 59 79 93 94 96 
13 
39 41 42 57 58 59 60 79 80 90 93 94 95 
13 
4 46 47 53 54 66 67 69 72 81 98 99 100 
12 
3 4 54 69 70 71 72 81 82 97 99 100 
11 
54 55 71 72 81 82 83 84 97 98 100 
13 
38 47 53 54 55 56 67 72 81 84 97 98 99 