
25 
4 
7 
2 3 4 19 20 79 80 
6 
1 3 4 19 29 79 
7 
1 2 4 29 32 69 70 
4 
1 2 3 69 
17 
6 7 8 12 27 28 41 42 45 48 53 54 55 56 86 87 90 
13 
5 7 8 11 12 27 42 45 46 47 48 54 55 
10 
5 6 8 42 43 47 48 55 97 98 
14 
5 6 7 41 42 43 44 48 55 56 87 90 91 97 
6 
10 11 12 26 45 46 
4 
9 11 12 46 
6 
6 9 10 12 46 47 
13 
5 6 9 10 11 26 27 42 45 46 47 48 54 
6 
14 15 16 37 49 50 
12 
13 15 16 37 38 44 50 73 81 84 97 100 
14 
13 14 16 37 38 39 40 50 51 61 73 76 84 100 
9 
13 14 15 37 40 49 50 51 52 
10 
18 19 20 21 24 60 65 68 77 78 
14 
17 19 20 21 22 23 24 59 60 65 66 67 68 78 
11 
1 2 17 18 20 23 24 67 68 78 79 
10 
1 17 18 19 24 68 77 78 79 80 
9 
17 18 22 23 24 57 60 65 66 
10 
18 21 23 24 57 58 59 60 66 96 
10 
18 19 21 22 24 59 60 66 67 78 
14 
17 18 19 20 21 22 23 60 65 66 67 68 77 78 
5 
26 27 28 45 86 
7 
9 12 25 27 28 45 46 
12 
5 6 12 25 26 28 42 45 46 47 48 54 
13 
5 25 26 27 41 42 45 48 53 54 86 87 90 
7 
2 3 30 31 32 69 70 
4 
29 31 32 70 
5 
29 30 32 70 71 
8 
3 29 30 31 69 70 71 72 
10 
34 35 36 58 62 63 93 94 95 96 
5 
33 35 36 94 95 
4 
33 34 36 95 
8 
33 34 35 58 59 63 95 96 
11 
13 14 15 16 38 39 40 49 50 51 52 
12 
14 15 37 39 40 50 51 73 81 84 97 100 
11 
15 37 38 40 51 61 62 73 76 84 100 
8 
15 16 37 38 39 51 52 61 
15 
5 8 28 42 43 44 48 53 54 55 56 87 88 90 91 
15 
5 6 7 8 12 27 28 41 43 44 47 48 54 55 87 
10 
7 8 41 42 44 55 81 82 97 98 
10 
8 14 41 42 43 55 56 81 91 97 
13 
5 6 9 12 25 26 27 28 46 47 48 54 86 
10 
6 9 10 11 12 26 27 45 47 48 
9 
6 7 11 12 27 42 45 46 48 
16 
5 6 7 8 12 27 28 41 42 45 46 47 54 55 86 87 
6 
13 16 37 50 51 52 
9 
13 14 15 16 37 38 49 51 52 
10 
15 16 37 38 39 40 49 50 52 61 
6 
16 37 40 49 50 51 
11 
5 28 41 54 55 56 85 86 87 88 90 
14 
5 6 12 27 28 41 42 45 48 53 55 56 86 87 
15 
5 6 7 8 41 42 43 44 48 53 54 56 87 97 98 
12 
5 8 41 44 53 54 55 87 88 90 91 97 
8 
21 22 58 59 60 64 65 66 
11 
22 33 36 57 59 60 63 64 66 93 96 
11 
18 22 23 36 57 58 60 66 67 78 96 
15 
17 18 21 22 23 24 57 58 59 65 66 67 68 77 78 
10 
15 39 40 51 62 63 64 76 84 93 
11 
33 39 61 63 64 75 76 83 84 93 94 
10 
33 36 58 61 62 64 93 94 95 96 
7 
57 58 61 62 63 93 96 
11 
17 18 21 24 57 60 66 67 68 77 78 
13 
18 21 22 23 24 57 58 59 60 65 67 68 78 
11 
18 19 23 24 59 60 65 66 68 78 79 
13 
17 18 19 20 24 60 65 66 67 77 78 79 80 
7 
3 4 29 32 70 71 72 
8 
3 29 30 31 32 69 71 72 
5 
31 32 69 70 72 
4 
32 69 70 71 
13 
14 15 38 39 74 75 76 81 84 97 98 99 100 
9 
73 75 76 81 82 83 84 98 99 
9 
62 73 74 76 83 84 93 94 99 
11 
15 39 61 62 73 74 75 84 93 99 100 
9 
17 20 24 60 65 68 78 79 80 
15 
17 18 19 20 23 24 59 60 65 66 67 68 77 79 80 
9 
1 2 19 20 67 68 77 78 80 
6 
1 20 68 77 78 79 
14 
14 38 43 44 73 74 82 83 84 91 97 98 99 100 
7 
43 74 81 83 84 98 99 
7 
62 74 75 81 82 84 99 
15 
14 15 38 39 61 62 73 74 75 76 81 82 83 99 100 
6 
53 86 87 88 89 90 
11 
5 25 28 45 48 53 54 85 87 88 90 
15 
5 8 28 41 42 48 53 54 55 56 85 86 88 90 91 
10 
41 53 56 85 86 87 89 90 91 92 
5 
85 88 90 91 92 
13 
5 8 28 41 53 56 85 86 87 88 89 91 92 
11 
8 41 44 56 81 87 88 89 90 92 97 
4 
88 89 90 91 
11 
33 58 61 62 63 64 75 76 94 95 96 
8 
33 34 62 63 75 93 95 96 
8 
33 34 35 36 63 93 94 96 
10 
22 33 36 58 59 63 64 93 94 95 
14 
7 8 14 38 43 44 55 56 73 81 91 98 99 100 
10 
7 43 55 73 74 81 82 97 99 100 
11 
73 74 75 76 81 82 83 84 97 98 100 
11 
14 15 38 39 73 76 81 84 97 98 99 