
25 
4 
19 
2 3 4 11 12 29 30 31 32 37 38 50 51 53 54 66 67 92 100 
13 
1 3 4 11 30 31 38 54 77 91 92 99 100 
14 
1 2 4 5 6 31 38 39 41 42 54 55 77 80 
17 
1 2 3 5 31 32 37 38 39 40 41 51 53 54 55 56 67 
15 
3 4 6 7 8 25 39 41 42 43 44 54 55 77 80 
12 
3 5 7 8 25 26 42 43 77 78 79 80 
10 
5 6 8 25 26 27 28 43 79 80 
9 
5 6 7 25 28 43 44 55 80 
8 
10 11 12 29 73 76 81 84 
19 
9 11 12 29 30 73 74 75 76 81 82 83 84 89 92 93 96 97 100 
18 
1 2 9 10 12 29 30 31 32 50 66 75 76 83 84 92 96 100 
12 
1 9 10 11 29 32 49 50 65 66 76 84 
9 
14 15 16 21 22 23 24 69 72 
9 
13 15 16 22 23 69 70 71 72 
8 
13 14 16 23 71 72 85 86 
7 
13 14 15 23 24 72 85 
7 
18 19 20 40 56 61 62 
10 
17 19 20 39 40 41 44 55 56 62 
7 
17 18 20 44 45 62 63 
7 
17 18 19 61 62 63 64 
5 
13 22 23 24 69 
7 
13 14 21 23 24 69 70 
11 
13 14 15 16 21 22 24 69 70 71 72 
7 
13 16 21 22 23 69 72 
14 
5 6 7 8 26 27 28 39 41 42 43 44 79 80 
8 
6 7 25 27 28 42 43 79 
6 
7 25 26 28 43 46 
9 
7 8 25 26 27 43 44 45 46 
18 
1 9 10 11 12 30 31 32 49 50 65 66 75 76 84 96 97 100 
19 
1 2 10 11 29 31 32 50 66 75 83 84 92 95 96 97 98 99 100 
18 
1 2 3 4 11 29 30 32 37 38 50 51 54 66 67 77 99 100 
19 
1 4 11 12 29 30 31 37 49 50 51 52 53 54 65 66 67 68 100 
6 
34 35 36 58 86 87 
3 
33 35 36 
4 
33 34 36 94 
10 
33 34 35 58 59 74 82 87 93 94 
14 
1 4 31 32 38 39 40 41 50 51 53 54 66 67 
12 
1 2 3 4 31 37 39 40 41 42 54 77 
16 
3 4 5 18 25 37 38 40 41 42 43 44 54 55 77 80 
15 
4 17 18 37 38 39 41 44 51 53 54 55 56 62 67 
16 
3 4 5 18 25 37 38 39 40 42 43 44 54 55 77 80 
14 
3 5 6 25 26 38 39 41 43 44 77 78 79 80 
14 
5 6 7 8 25 26 27 28 39 41 42 44 79 80 
13 
5 8 18 19 25 28 39 40 41 42 43 55 80 
5 
19 28 46 47 48 
5 
27 28 45 47 48 
3 
45 46 48 
3 
45 46 47 
9 
12 29 32 50 51 52 53 65 68 
18 
1 11 12 29 30 31 32 37 49 51 52 53 54 65 66 67 68 100 
15 
1 4 31 32 37 40 49 50 52 53 54 55 56 67 68 
7 
32 49 50 51 53 56 68 
14 
1 4 32 37 40 49 50 51 52 54 55 56 67 68 
18 
1 2 3 4 5 31 32 37 38 39 40 41 50 51 53 55 56 67 
14 
3 4 5 8 18 39 40 41 44 51 53 54 56 62 
11 
4 17 18 40 51 52 53 54 55 61 62 
5 
58 59 60 87 88 
6 
33 36 57 59 60 87 
10 
36 57 58 60 74 82 89 90 93 94 
9 
57 58 59 73 74 81 82 89 93 
6 
17 20 56 62 63 64 
10 
17 18 19 20 40 55 56 61 63 64 
5 
19 20 61 62 64 
4 
20 61 62 63 
10 
12 29 32 49 50 66 67 68 76 84 
17 
1 11 12 29 30 31 32 37 50 65 67 68 75 76 83 84 100 
13 
1 4 31 32 37 40 50 51 53 54 65 66 68 
9 
32 49 50 51 52 53 65 66 67 
9 
13 14 21 22 23 24 70 71 72 
6 
14 22 23 69 71 72 
6 
14 15 23 69 70 72 
9 
13 14 15 16 23 24 69 70 71 
8 
9 10 60 74 75 76 81 84 
15 
10 36 59 60 73 75 76 81 82 83 84 89 93 96 97 
15 
10 11 29 30 66 73 74 76 83 84 89 92 96 97 100 
11 
9 10 11 12 29 65 66 73 74 75 84 
12 
2 3 5 6 31 38 39 41 42 78 79 80 
5 
6 42 77 79 80 
9 
6 7 25 26 42 43 77 78 80 
14 
3 5 6 7 8 25 39 41 42 43 44 77 78 79 
11 
9 10 60 73 74 82 83 84 93 96 97 
15 
10 36 59 60 74 81 83 84 89 93 94 95 96 97 98 
17 
10 11 30 66 74 75 81 82 84 89 92 95 96 97 98 99 100 
18 
9 10 11 12 29 30 65 66 73 74 75 76 81 82 83 96 97 100 
5 
15 16 86 87 88 
5 
15 33 85 87 88 
7 
33 36 57 58 85 86 88 
4 
57 85 86 87 
16 
10 59 60 74 75 82 83 90 91 92 93 94 95 96 97 98 
7 
59 89 91 92 94 95 98 
7 
2 89 90 92 95 98 99 
16 
1 2 10 11 30 75 83 89 90 91 95 96 97 98 99 100 
13 
10 36 59 60 74 81 82 89 94 95 96 97 98 
10 
35 36 59 82 89 90 93 95 96 98 
12 
30 82 83 89 90 91 92 93 94 96 98 99 
19 
10 11 29 30 74 75 81 82 83 84 89 92 93 94 95 97 98 99 100 
16 
10 29 30 74 75 81 82 83 84 89 92 93 96 98 99 100 
14 
30 82 83 89 90 91 92 93 94 95 96 97 99 100 
11 
2 30 31 83 91 92 95 96 97 98 100 
18 
1 2 10 11 29 30 31 32 50 66 75 83 84 92 96 97 98 99 