
25 
4 
9 
2 3 4 59 60 81 82 83 84 
6 
1 3 4 59 82 83 
4 
1 2 4 83 
5 
1 2 3 83 84 
6 
6 7 8 65 87 88 
10 
5 7 8 37 41 65 66 77 80 87 
15 
5 6 8 37 40 41 44 45 65 66 67 68 80 93 94 
6 
5 6 7 65 68 93 
6 
10 11 12 38 77 78 
4 
9 11 12 78 
5 
9 10 12 78 79 
11 
9 10 11 38 39 42 46 77 78 79 80 
11 
14 15 16 36 57 70 71 73 74 75 76 
10 
13 15 16 35 36 52 57 58 74 75 
10 
13 14 16 57 58 59 60 75 81 82 
9 
13 14 15 57 60 71 75 76 81 
3 
18 19 20 
4 
17 19 20 60 
4 
17 18 20 25 
3 
17 18 19 
15 
22 23 24 40 44 45 46 47 48 61 67 89 90 94 95 
12 
21 23 24 39 40 43 44 46 47 61 62 90 
12 
21 22 24 33 34 47 61 62 63 64 90 91 
14 
21 22 23 30 33 47 48 61 64 89 90 91 92 95 
5 
19 26 27 28 54 
3 
25 27 28 
3 
25 26 28 
5 
25 26 27 54 55 
4 
30 31 32 96 
7 
24 29 31 32 92 95 96 
4 
29 30 32 73 
3 
29 30 31 
10 
23 24 34 35 36 64 73 74 91 92 
9 
23 33 35 36 49 63 64 74 91 
8 
14 33 34 36 49 52 74 75 
10 
13 14 33 34 35 70 73 74 75 76 
12 
6 7 38 39 40 41 42 45 46 66 77 80 
11 
9 12 37 39 40 42 46 77 78 79 80 
11 
12 22 37 38 40 42 43 46 47 79 80 
18 
7 21 22 37 38 39 41 42 43 44 45 46 47 48 66 67 80 94 
13 
6 7 37 40 42 43 44 45 46 66 67 77 80 
13 
12 37 38 39 40 41 43 44 46 77 78 79 80 
11 
22 39 40 41 42 44 46 47 79 80 90 
16 
7 21 22 40 41 42 43 45 46 47 48 67 80 89 90 94 
16 
7 21 37 40 41 44 46 47 48 65 66 67 68 80 93 94 
19 
12 21 22 37 38 39 40 41 42 43 44 45 47 48 66 67 79 80 94 
17 
21 22 23 24 39 40 43 44 45 46 48 61 67 89 90 94 95 
14 
21 24 40 44 45 46 47 67 68 89 93 94 95 96 
8 
34 35 50 51 52 63 64 74 
4 
49 51 52 63 
4 
49 50 52 58 
9 
14 35 49 50 51 57 58 74 75 
5 
54 55 56 97 98 
6 
25 28 53 55 56 98 
6 
28 53 54 56 98 99 
7 
53 54 55 97 98 99 100 
13 
13 14 15 16 52 58 59 60 70 71 75 76 81 
10 
14 15 51 52 57 59 60 75 81 82 
10 
1 2 15 57 58 60 81 82 83 84 
10 
1 15 16 18 57 58 59 71 81 84 
13 
21 22 23 24 47 62 63 64 89 90 91 92 95 
7 
22 23 61 63 64 90 91 
9 
23 34 49 50 61 62 64 74 91 
12 
23 24 33 34 49 61 62 63 73 74 91 92 
10 
5 6 7 8 45 66 67 68 87 88 
13 
6 7 37 40 41 45 46 65 67 68 77 80 87 
16 
7 21 40 41 44 45 46 47 48 65 66 68 80 89 93 94 
8 
7 8 45 48 65 66 67 93 
3 
70 71 72 
8 
13 36 57 69 71 72 73 76 
9 
13 16 57 60 69 70 72 76 81 
3 
69 70 71 
9 
13 31 33 36 64 70 74 75 76 
13 
13 14 33 34 35 36 49 52 63 64 73 75 76 
12 
13 14 15 16 35 36 52 57 58 73 74 76 
9 
13 16 36 57 70 71 73 74 75 
11 
6 9 12 37 38 41 42 66 78 79 80 
9 
9 10 11 12 38 42 77 79 80 
10 
11 12 38 39 42 43 46 77 78 80 
19 
6 7 12 37 38 39 40 41 42 43 44 45 46 66 67 77 78 79 94 
11 
1 15 16 57 58 59 60 71 82 83 84 
8 
1 2 15 58 59 81 83 84 
8 
1 2 3 4 59 81 82 84 
7 
1 4 59 60 81 82 83 
3 
86 87 88 
3 
85 87 88 
7 
5 6 65 66 85 86 88 
5 
5 65 85 86 87 
12 
21 24 44 47 48 61 67 90 91 92 94 95 
12 
21 22 23 24 43 44 47 61 62 89 91 92 
11 
23 24 33 34 61 62 63 64 89 90 92 
9 
24 30 33 61 64 89 90 91 95 
9 
7 8 45 48 67 68 94 95 96 
14 
7 21 40 44 45 46 47 48 67 80 89 93 95 96 
11 
21 24 30 47 48 61 89 92 93 94 96 
6 
29 30 48 93 94 95 
5 
53 56 98 99 100 
7 
53 54 55 56 97 99 100 
5 
55 56 97 98 100 
4 
56 97 98 99 