
25 
4 
11 
2 3 4 11 31 51 52 67 75 81 82 
5 
1 3 4 51 82 
5 
1 2 4 82 83 
8 
1 2 3 26 81 82 83 84 
9 
6 7 8 13 16 53 54 55 56 
10 
5 7 8 13 14 15 16 28 54 55 
6 
5 6 8 15 16 55 
6 
5 6 7 16 55 56 
16 
10 11 12 29 32 37 38 49 57 60 65 73 74 75 76 100 
21 
9 11 12 29 30 31 32 38 49 50 57 58 59 60 64 65 66 74 75 99 100 
21 
1 9 10 12 31 32 38 39 49 50 51 52 59 60 65 66 67 68 75 81 82 
16 
9 10 11 32 37 38 39 40 49 52 60 65 68 75 76 81 
7 
5 6 14 15 16 53 54 
8 
6 13 15 16 25 28 54 84 
8 
6 7 13 14 16 28 54 55 
11 
5 6 7 8 13 14 15 53 54 55 56 
4 
18 19 20 41 
8 
17 19 20 24 41 42 69 72 
10 
17 18 20 33 34 41 42 43 44 72 
6 
17 18 19 33 41 44 
7 
22 23 24 47 48 69 88 
12 
21 23 24 47 69 70 80 87 88 89 92 93 
11 
21 22 24 42 69 70 71 72 92 93 96 
8 
18 21 22 23 41 42 69 72 
8 
14 26 27 28 39 54 81 84 
8 
4 25 27 28 81 82 83 84 
5 
25 26 28 83 84 
9 
6 14 15 25 26 27 54 55 84 
17 
9 10 30 31 32 35 36 49 57 60 65 66 73 74 75 76 100 
18 
10 29 31 32 35 49 50 57 58 59 60 61 64 66 74 75 99 100 
19 
1 10 11 29 30 32 38 49 50 51 52 59 60 64 66 67 75 81 82 
19 
9 10 11 12 29 30 31 37 38 49 52 60 65 66 67 68 75 76 81 
7 
19 20 34 35 36 44 97 
9 
19 33 35 36 43 44 61 97 98 
14 
29 30 33 34 36 57 61 64 73 74 97 98 99 100 
7 
29 33 34 35 73 97 100 
9 
9 12 32 38 39 40 65 68 76 
19 
9 10 11 12 31 32 37 39 40 49 52 60 65 66 67 68 75 76 81 
11 
11 12 25 37 38 40 52 67 68 81 84 
5 
12 37 38 39 68 
8 
17 18 19 20 24 42 43 44 
11 
18 19 23 24 41 43 44 69 72 93 96 
7 
19 34 41 42 44 72 96 
7 
19 20 33 34 41 42 43 
5 
46 47 48 85 88 
9 
45 47 48 77 80 85 86 87 88 
9 
21 22 45 46 48 80 87 88 89 
5 
21 45 46 47 88 
21 
9 10 11 12 29 30 31 32 38 50 51 52 59 60 64 65 66 67 68 74 75 
12 
10 11 30 31 49 51 52 59 63 64 66 67 
10 
1 2 11 31 49 50 52 67 81 82 
14 
1 11 12 31 32 38 39 49 50 51 67 68 75 81 
6 
5 13 16 54 55 56 
11 
5 6 13 14 15 16 25 28 53 55 56 
10 
5 6 7 8 15 16 28 53 54 56 
6 
5 8 16 53 54 55 
15 
9 10 29 30 35 58 59 60 61 64 65 66 74 99 100 
11 
10 30 57 59 60 61 62 63 64 66 99 
13 
10 11 30 31 49 50 57 58 60 63 64 66 67 
20 
9 10 11 12 29 30 31 32 38 49 57 58 59 64 65 66 67 68 74 75 
11 
30 34 35 57 58 62 63 64 74 98 99 
4 
58 61 63 64 
6 
50 58 59 61 62 64 
17 
10 30 31 35 49 50 57 58 59 60 61 62 63 66 74 75 99 
18 
9 10 11 12 29 32 37 38 49 57 60 66 67 68 73 74 75 76 
19 
10 11 29 30 31 32 38 49 50 57 58 59 60 64 65 67 68 74 75 
18 
1 11 31 32 38 39 49 50 51 52 59 60 65 66 68 75 81 82 
16 
11 12 32 37 38 39 40 49 52 60 65 66 67 75 76 81 
11 
18 21 22 23 24 42 70 71 72 92 93 
9 
22 23 69 71 72 91 92 93 94 
8 
23 69 70 72 93 94 95 96 
11 
18 19 23 24 42 43 69 70 71 93 96 
9 
9 29 35 36 65 74 75 76 100 
17 
9 10 29 30 35 49 57 60 61 64 65 66 73 75 76 99 100 
21 
1 9 10 11 12 29 30 31 32 38 49 52 60 64 65 66 67 68 73 74 76 
11 
9 12 29 32 37 38 65 68 73 74 75 
6 
46 78 79 80 86 87 
3 
77 79 80 
5 
77 78 80 89 90 
8 
22 46 47 77 78 79 87 89 
17 
1 4 11 12 25 26 31 32 38 39 51 52 67 68 82 83 84 
12 
1 2 3 4 11 26 31 51 67 81 83 84 
7 
3 4 26 27 81 82 84 
10 
4 14 25 26 27 28 39 81 82 83 
5 
45 46 86 87 88 
5 
46 77 85 87 88 
9 
22 46 47 77 80 85 86 88 89 
9 
21 22 45 46 47 48 85 86 87 
8 
22 47 79 80 87 90 91 92 
4 
79 89 91 92 
5 
70 89 90 92 94 
9 
22 23 69 70 89 90 91 93 94 
11 
22 23 42 69 70 71 72 92 94 95 96 
7 
70 71 91 92 93 95 96 
4 
71 93 94 96 
8 
23 42 43 71 72 93 94 95 
7 
33 34 35 36 98 99 100 
6 
34 35 61 97 99 100 
11 
10 30 35 57 58 61 64 74 97 98 100 
12 
9 10 29 30 35 36 57 73 74 97 98 99 