
25 
4 
12 
2 3 4 17 18 33 34 35 36 66 67 79 
6 
1 3 4 18 34 35 
9 
1 2 4 18 19 22 35 69 70 
14 
1 2 3 14 17 18 19 20 21 22 35 36 67 69 
11 
6 7 8 30 37 40 52 63 64 83 92 
12 
5 7 8 37 38 39 40 51 52 63 91 92 
8 
5 6 8 39 40 41 42 98 
9 
5 6 7 30 31 40 41 97 98 
5 
10 11 12 53 74 
5 
9 11 12 53 54 
12 
9 10 12 49 50 53 54 55 56 62 89 90 
12 
9 10 11 49 53 56 61 62 74 75 82 89 
4 
14 15 16 68 
11 
4 13 15 16 17 20 21 24 67 68 69 
9 
13 14 16 20 24 69 72 85 86 
4 
13 14 15 85 
12 
1 4 14 18 19 20 21 22 36 67 68 69 
13 
1 2 3 4 17 19 20 22 35 36 67 69 70 
12 
3 4 17 18 20 22 23 69 70 71 72 86 
14 
4 14 15 17 18 19 21 22 23 24 69 72 85 86 
10 
4 14 17 20 22 23 24 67 68 69 
12 
3 4 17 18 19 20 21 23 24 67 69 70 
10 
19 20 21 22 24 69 70 71 72 86 
10 
14 15 20 21 22 23 69 72 85 86 
7 
26 27 28 73 76 93 96 
13 
25 27 28 61 73 74 75 76 81 93 94 95 96 
13 
25 26 28 57 58 61 64 75 76 81 84 95 96 
6 
25 26 27 57 76 96 
5 
30 31 32 59 60 
8 
5 8 29 31 32 59 64 97 
6 
8 29 30 32 97 100 
3 
29 30 31 
8 
1 34 35 36 65 66 78 79 
6 
1 2 33 35 36 66 
10 
1 2 3 4 18 33 34 36 66 67 
12 
1 4 17 18 33 34 35 65 66 67 68 79 
17 
5 6 38 39 40 49 52 56 61 62 63 64 75 82 83 89 92 
16 
6 37 39 40 49 50 51 52 55 56 62 63 89 90 91 92 
12 
6 7 37 38 40 41 42 51 52 63 91 92 
13 
5 6 7 8 37 38 39 41 52 63 64 83 92 
9 
7 8 39 40 42 43 44 97 98 
6 
7 39 41 43 44 98 
5 
41 42 44 98 99 
7 
41 42 43 97 98 99 100 
3 
46 47 48 
4 
45 47 48 77 
5 
45 46 48 77 80 
3 
45 46 47 
15 
11 12 37 38 50 51 52 55 56 61 62 82 83 89 90 
8 
11 38 49 51 52 55 62 90 
10 
6 38 39 49 50 52 62 63 90 91 
18 
5 6 37 38 39 40 49 50 51 61 62 63 64 83 89 90 91 92 
7 
9 10 11 12 54 55 56 
5 
10 11 53 55 56 
9 
11 38 49 50 53 54 56 62 90 
13 
11 12 37 38 49 53 54 55 61 62 82 89 90 
8 
27 28 58 59 60 76 95 96 
11 
27 57 59 60 61 64 75 76 81 84 95 
7 
29 30 57 58 60 64 84 
4 
29 57 58 59 
20 
12 26 27 37 49 52 56 58 62 63 64 74 75 81 82 83 84 89 92 95 
19 
11 12 37 38 49 50 51 52 55 56 61 63 64 82 83 89 90 91 92 
14 
5 6 37 38 39 40 51 52 61 62 64 83 91 92 
15 
5 27 30 37 40 52 58 59 61 62 63 75 83 84 92 
7 
33 36 66 67 68 79 80 
9 
1 33 34 35 36 65 67 68 79 
12 
1 4 14 17 18 21 22 35 36 65 66 68 
8 
13 14 17 21 36 65 66 67 
15 
3 4 14 15 17 18 19 20 21 22 23 24 70 71 72 
8 
3 18 19 22 23 69 71 72 
5 
19 23 69 70 72 
9 
15 19 20 23 24 69 70 71 86 
10 
25 26 74 75 76 81 93 94 95 96 
11 
9 12 26 61 73 75 76 81 82 94 95 
15 
12 26 27 37 58 61 64 73 74 76 81 82 83 84 95 
13 
25 26 27 28 57 58 73 74 75 81 84 95 96 
5 
46 47 78 79 80 
4 
33 77 79 80 
8 
1 33 36 65 66 77 78 80 
5 
47 65 77 78 79 
13 
26 27 58 61 73 74 75 76 82 83 84 94 95 
12 
12 37 49 56 61 62 74 75 81 83 84 89 
15 
5 37 40 49 52 61 62 63 64 75 81 82 84 89 92 
11 
27 58 59 61 64 75 76 81 82 83 95 
7 
15 16 20 24 86 87 88 
9 
15 19 20 23 24 72 85 87 88 
3 
85 86 88 
3 
85 86 87 
14 
11 12 37 38 49 52 56 61 62 82 83 90 91 92 
12 
11 38 49 50 51 52 55 56 62 89 91 92 
10 
6 38 39 51 52 62 63 89 90 92 
15 
5 6 37 38 39 40 52 61 62 63 64 83 89 90 91 
6 
25 26 73 94 95 96 
7 
26 73 74 81 93 95 96 
14 
26 27 57 58 61 73 74 75 76 81 84 93 94 96 
10 
25 26 27 28 57 73 76 93 94 95 
8 
8 30 31 41 44 98 99 100 
9 
7 8 41 42 43 44 97 99 100 
5 
43 44 97 98 100 
5 
31 44 97 98 99 